230,206,122,98
228,205,120,97
225,207,118,99
220,211,115,102
212,212,110,103
214,210,111,102
213,210,110,101
213,210,110,101
212,211,111,101
212,211,110,103
212,211,110,102
212,211,110,102
211,211,110,102
211,210,109,102
211,209,110,102
211,206,111,100
208,206,110,100
206,205,109,99
208,202,111,97
207,199,112,96
207,199,112,96
207,200,111,97
201,197,111,93
200,200,112,93
200,199,113,92
195,197,114,88
194,198,112,88
191,199,110,90
185,201,107,92
183,201,106,92
179,198,107,91
179,198,107,91
179,199,107,92
179,199,107,92
179,200,107,93
179,200,107,94
179,200,107,94
179,200,107,94
179,202,107,95
176,205,105,97
177,210,106,102
177,210,106,102
177,211,105,102
168,212,101,104
169,211,100,101
178,211,108,102
182,210,110,101
186,205,115,98
186,205,115,98
182,200,113,94
179,200,110,96
175,204,109,98
178,204,111,99
178,204,111,99
178,204,111,99
178,204,111,99
178,204,111,99
178,204,111,99
179,209,112,101
179,210,112,102
180,209,114,102
173,210,110,102
170,208,109,101
170,208,109,101
170,208,109,101
171,208,108,101
179,213,113,104
179,213,113,104
178,216,113,106
181,209,115,103
184,195,117,95
186,191,117,91
188,193,119,92
191,193,118,93
191,193,119,92
191,204,119,99
192,197,119,98
192,197,121,97
189,198,123,97
189,200,126,97
181,198,122,97
185,200,127,100
185,200,127,100
185,200,127,100
185,200,127,100
187,202,128,102
187,202,128,102
190,196,130,98
189,203,130,101
189,203,130,101
189,203,130,101
188,205,130,104
188,205,130,104
177,211,123,107
177,211,123,107
174,209,122,106
149,207,103,104
152,208,107,106
150,209,107,107
144,205,103,102
137,196,98,95
133,194,96,94
133,194,96,94
133,194,96,94
133,194,96,94
129,195,92,96
125,202,90,101
127,201,91,101
126,199,89,99
124,197,87,98
133,203,93,103
134,206,92,106
136,207,94,109
140,213,97,114
149,204,103,108
149,204,103,108
154,206,107,110
150,213,104,114
151,216,105,117
151,217,105,118
151,217,105,118
151,217,105,118
151,217,105,118
155,214,109,115
160,212,111,115
160,210,112,114
160,202,111,109
163,205,113,110
163,205,113,110
163,205,113,110
163,205,113,110
173,206,119,111
173,206,119,111
173,206,119,111
173,206,119,111
173,206,119,111
187,205,130,110
189,204,132,109
187,206,132,111
195,207,139,111
199,208,142,112
199,208,142,112
199,208,142,112
199,208,142,112
199,208,142,112
202,208,144,113
203,209,145,112
203,209,144,113
203,209,144,113
203,209,144,113
203,209,144,113
203,209,144,113
203,209,144,113
208,208,148,111
217,204,154,110
230,193,163,104
230,193,163,104
231,192,163,103
239,190,168,101
245,186,172,99
249,184,175,96
245,198,172,106
241,203,169,109
241,203,169,109
241,203,169,109
237,215,166,117
231,216,162,116
231,216,162,117
229,215,163,117
229,215,162,117
222,215,160,116
222,215,160,116
232,210,165,113
232,210,166,113
232,210,165,113
232,210,165,113
231,216,165,117
226,226,163,122
224,227,161,123
224,227,161,123
223,228,160,123
221,220,160,117
215,214,155,111
216,213,157,112
216,213,157,112
216,212,156,110
216,212,156,111
211,225,153,119
211,225,153,119
210,226,153,119
214,218,155,115
218,212,156,111
218,212,157,111
224,207,155,108
229,203,158,106
234,197,161,103
239,192,163,99
239,193,163,100
239,193,163,100
232,193,159,101
237,193,162,100
237,193,162,100
237,193,162,100
239,196,164,103
239,196,164,103
240,202,164,107
226,205,157,108
219,207,153,110
224,206,156,108
225,206,157,109
225,206,157,109
225,206,157,109
225,206,157,108
230,201,159,106
234,195,162,104
235,195,162,103
235,195,162,103
232,197,159,104
231,197,160,105
224,199,158,105
218,200,154,106
218,200,154,106
218,200,154,106
218,200,154,106
215,200,153,107
218,202,154,107
218,202,154,107
218,205,154,110
212,208,150,111
212,208,150,111
207,210,147,113
198,212,143,115
202,215,146,116
202,215,146,116
201,215,146,116
198,215,142,116
198,215,142,116
197,217,141,117
194,217,141,117
198,218,145,117
186,219,138,118
186,220,137,119
187,219,139,119
200,213,146,115
200,213,147,115
205,213,149,114
204,212,147,115
205,212,148,114
204,210,148,113
204,210,148,113
204,210,148,113
204,210,148,113
204,215,147,115
204,217,147,117
204,217,147,117
201,219,146,115
202,215,146,114
202,210,146,110
199,218,146,113
197,223,144,116
195,224,142,117
192,225,141,117
191,227,140,117
192,218,142,111
192,218,142,111
189,214,139,108
195,222,142,112
195,227,142,115
195,227,142,115
197,228,143,114
202,223,146,111
205,220,148,110
206,220,148,109
206,220,148,109
206,220,148,109
208,217,149,108
208,217,149,108
212,216,151,107
213,215,152,106
213,216,153,106
213,216,153,106
210,213,151,105
214,217,154,105
221,221,158,107
226,219,161,106
227,218,162,105
234,217,166,104
231,217,163,106
226,217,157,104
227,217,158,105
227,217,158,105
227,217,158,106
228,216,158,105
226,216,157,104
229,214,160,103
238,207,164,99
246,205,168,98
248,200,168,95
248,196,168,92
246,196,168,92
239,195,163,91
239,190,162,88
236,187,161,86
235,184,159,83
233,184,157,83
222,185,151,85
215,193,148,89
212,196,144,90
195,199,135,93
194,201,134,94
194,201,134,94
188,207,131,97
193,203,134,95
193,203,134,95
193,201,135,93
190,204,133,95
190,204,133,95
190,205,133,94
191,195,133,89
193,193,133,89
193,193,133,89
197,192,136,88
197,192,136,88
197,192,135,88
197,192,135,88
197,186,135,82
196,177,133,76
198,173,134,74
197,173,134,74
202,183,136,80
201,184,136,80
201,184,136,80
202,184,136,80
202,183,136,80
205,183,138,80
207,184,139,80
206,185,139,80
206,185,139,80
197,186,132,81
189,186,127,81
187,188,126,83
185,188,126,82
185,188,125,82
185,188,125,82
186,188,125,82
186,188,125,82
186,188,125,81
186,188,125,81
186,186,125,81
186,186,125,81
185,189,124,82
185,189,124,82
182,188,121,83
181,191,121,83
181,191,121,83
181,191,121,83
181,192,122,85
173,192,118,84
168,192,114,84
168,192,114,84
173,191,116,83
175,191,116,83
177,184,117,79
178,186,117,81
180,184,117,81
181,183,118,80
182,183,119,79
182,182,117,80
183,177,116,77
195,176,121,78
204,174,127,78
198,173,123,77
205,169,128,74
204,175,128,79
204,176,128,78
204,176,128,78
204,176,128,78
207,178,129,79
212,178,134,79
211,177,133,79
209,176,128,79
229,188,140,87
225,201,138,95
222,210,137,101
224,211,139,101
226,211,138,101
223,199,137,93
223,199,137,93
223,194,137,89
224,197,138,91
225,201,139,94
225,201,139,94
225,202,139,93
227,201,140,93
227,201,140,93
231,204,143,93
231,204,143,93
231,204,142,94
230,199,141,91
229,198,140,91
229,200,140,91
229,200,140,91
231,203,142,93
224,201,137,90
224,201,137,90
223,196,136,86
226,202,137,91
225,203,138,91
225,203,138,91
234,200,143,88
239,198,147,87
238,199,144,88
243,199,147,88
243,199,147,88
230,195,140,86
229,192,140,84
229,192,140,84
224,195,137,85
223,193,136,84
229,193,143,83
219,195,137,84
219,195,137,84
219,195,136,84
237,194,149,84
244,194,152,84
242,195,152,83
242,195,152,83
236,194,149,83
236,194,149,83
235,196,148,85
225,197,143,85
231,198,145,85
231,198,145,85
233,195,147,84
238,196,146,85
244,195,150,85
235,194,145,84
233,201,143,89
227,200,140,88
239,203,148,89
239,203,148,89
238,201,147,87
234,200,145,88
234,201,145,87
238,201,148,88
231,206,143,90
230,205,142,90
234,201,147,88
234,201,146,88
229,204,142,89
229,204,142,89
226,205,139,91
225,199,136,90
225,199,136,90
236,199,143,89
243,204,147,92
244,205,148,92
246,200,150,88
247,190,149,82
248,185,148,79
248,186,148,81
251,185,149,80
244,187,146,80
244,187,146,80
241,188,143,81
241,188,143,81
238,192,142,83
232,188,138,80
222,190,133,82
221,196,132,85
213,201,128,88
209,199,129,87
214,200,132,91
207,181,127,81
201,172,123,76
201,176,123,79
199,181,122,81
208,190,128,86
211,182,129,81
214,182,131,82
191,197,116,91
189,196,116,89
185,197,112,88
192,198,117,90
202,201,124,91
200,203,125,93
198,211,123,97
203,227,127,106
202,227,126,107
202,227,126,107
205,239,128,113
207,225,130,102
206,220,128,99
205,219,127,94
206,222,128,96
227,224,139,96
236,224,143,97
238,207,142,87
237,206,142,85
229,210,138,88
231,211,139,87
231,211,140,87
221,230,134,99
212,219,127,92
212,215,126,88
213,216,126,89
219,216,129,89
215,218,127,90
199,219,118,90
167,228,102,94
200,230,116,96
178,227,98,93
172,220,95,85
172,213,96,81
167,207,88,79
168,203,88,76
176,206,93,79
195,210,105,82
224,211,127,83
238,205,140,81
240,209,135,83
237,210,133,84
240,210,136,83
243,209,139,84
244,208,141,82
241,208,140,83
239,208,138,83
241,206,140,82
203,188,115,69
225,198,126,74
232,201,129,76
228,202,126,76
209,200,109,73
199,194,101,69
199,187,102,64
190,183,96,62
190,181,96,60
187,183,94,61
184,176,92,55
203,156,107,37
217,152,112,35
209,145,101,35
209,149,97,41
211,148,93,43
203,143,85,38
179,139,66,31
183,140,63,33
186,139,65,33
197,136,71,30
213,130,81,25
204,125,71,20
184,135,55,22
171,132,47,11
167,138,45,9
168,142,43,11
164,142,42,8
168,144,48,4
187,151,62,11
194,154,67,14
201,158,72,16
205,159,73,15
201,162,71,22
204,164,72,23
199,166,67,25
197,167,65,23
196,167,63,22
188,168,58,20
184,165,51,18
177,166,44,16
179,176,45,29
178,178,45,29
178,178,45,29
186,180,49,32
184,176,47,29
180,173,45,26
176,177,40,27
175,174,39,27
175,174,39,29
172,174,37,31
155,175,24,31
153,174,20,31
140,175,10,31
136,178,10,33
133,182,6,37
