255,151,73,210
255,151,73,210
255,151,73,210
255,152,73,210
255,152,73,210
255,152,73,210
255,152,73,210
255,152,73,210
255,152,73,210
255,152,73,210
255,152,73,210
255,152,73,210
255,152,73,210
255,152,73,210
255,152,73,210
255,152,73,210
255,152,73,210
255,152,73,210
255,152,73,210
255,152,73,210
255,152,73,210
255,152,73,210
255,152,73,210
255,152,73,210
255,152,73,210
255,152,73,210
255,152,73,210
255,152,73,210
255,152,73,210
255,152,73,210
255,152,73,210
255,152,73,210
255,152,73,210
255,152,73,210
255,152,73,210
255,152,73,210
255,152,73,210
255,152,73,210
255,152,73,210
255,152,73,210
255,152,73,210
255,152,73,210
255,152,73,210
255,152,73,210
255,152,73,210
255,152,73,210
255,152,73,210
255,152,73,210
255,152,73,210
255,152,73,210
255,152,73,210
255,152,73,210
255,152,73,210
255,152,73,210
255,152,73,210
255,152,73,210
255,152,73,210
255,152,73,210
255,152,73,210
255,152,73,210
255,152,73,210
255,152,73,210
255,152,73,210
255,152,73,210
255,152,73,210
255,152,73,210
255,152,73,210
255,152,73,210
255,152,73,210
255,152,73,210
255,152,73,210
255,152,73,210
255,152,73,210
255,152,73,210
255,152,73,210
255,152,73,210
255,152,73,210
255,152,73,210
255,152,73,210
255,152,73,210
255,152,73,210
255,152,73,210
255,152,73,210
255,152,73,210
255,152,73,210
255,152,73,210
255,152,73,210
255,152,73,210
255,152,73,210
255,152,73,210
255,152,72,210
255,152,72,210
255,152,72,210
255,152,72,211
255,152,72,211
255,152,72,211
255,152,72,211
255,152,72,211
255,152,72,211
255,152,72,211
255,152,72,211
255,152,72,211
255,152,72,211
255,152,72,211
255,152,72,211
255,152,72,211
255,152,72,211
255,152,72,211
255,152,72,211
255,152,72,211
255,152,72,211
255,152,73,211
255,153,73,210
255,153,73,210
255,153,73,210
255,153,73,210
255,153,73,210
255,153,73,210
255,153,73,210
255,153,73,210
255,153,73,210
255,153,73,210
255,153,73,210
255,153,73,210
255,153,73,210
255,153,73,210
255,153,72,210
255,153,72,210
255,153,72,210
255,153,72,210
255,153,72,210
255,153,72,210
255,153,72,210
255,153,72,210
255,153,72,210
255,153,72,210
255,153,72,210
255,153,72,210
255,153,72,210
255,153,72,210
255,153,72,210
255,153,72,210
255,153,72,210
255,153,72,210
255,153,72,210
255,153,72,210
255,153,72,210
255,153,72,210
255,153,72,210
255,153,72,210
255,153,72,210
255,153,72,210
255,153,72,210
255,153,72,210
255,153,72,210
255,153,72,210
255,153,72,210
255,153,72,210
255,153,72,210
255,153,72,210
255,153,72,210
255,153,72,210
255,153,72,210
255,153,72,210
255,153,72,210
255,153,72,210
255,153,72,210
255,153,72,210
255,153,72,210
255,153,72,210
255,153,72,210
255,153,72,210
255,153,72,210
255,153,72,210
255,153,72,210
255,153,72,210
255,153,72,210
255,153,72,210
255,153,72,210
255,153,72,210
255,153,72,210
255,153,72,210
255,153,72,210
255,153,72,210
255,153,72,210
255,153,72,210
255,153,72,210
255,153,72,210
255,153,72,210
255,153,72,210
255,153,72,210
255,153,72,210
255,153,72,210
255,153,72,210
255,153,72,210
255,153,72,210
255,153,72,210
255,153,72,210
255,153,72,210
255,153,72,210
255,153,72,210
255,153,72,210
255,153,72,210
255,153,72,210
255,153,72,210
255,153,72,210
255,153,72,210
255,153,72,210
255,153,72,210
255,153,72,210
255,153,72,210
255,153,72,210
255,153,72,210
255,153,72,210
255,153,72,210
255,153,72,210
255,153,72,210
255,153,72,210
255,153,72,210
255,153,72,210
255,153,72,210
255,153,72,210
255,153,72,210
255,153,72,210
255,153,72,210
255,153,72,210
255,153,72,210
255,153,72,210
255,153,72,210
255,153,72,210
255,153,72,210
255,153,72,210
255,153,72,210
255,153,72,210
255,153,72,210
255,153,72,210
255,153,72,210
255,153,72,210
255,153,72,210
255,153,72,210
255,153,72,210
255,153,72,210
255,153,72,210
255,153,72,210
255,153,72,210
255,153,72,210
255,153,72,210
255,153,72,210
255,153,72,210
255,153,72,210
255,153,72,210
255,153,72,210
255,153,72,210
255,153,72,210
255,153,72,210
255,153,72,210
255,153,72,210
255,153,72,210
255,153,72,210
255,153,72,210
255,153,72,210
255,153,72,210
255,153,72,210
255,153,72,210
255,153,72,210
255,153,72,210
255,153,72,210
255,153,72,210
255,153,72,210
255,153,72,210
255,153,72,210
255,153,72,210
255,153,72,210
255,153,72,210
255,153,72,210
255,153,72,210
255,153,72,210
255,153,72,210
255,153,72,210
255,153,72,210
255,153,72,210
255,153,72,210
255,153,72,210
255,153,72,210
255,153,72,210
255,153,72,210
255,153,72,210
255,153,72,210
255,153,72,210
255,153,72,210
255,153,72,210
255,153,72,210
255,153,72,210
255,153,72,210
255,153,72,210
255,153,72,210
255,153,72,210
255,153,72,210
255,153,72,210
255,153,72,210
255,153,72,210
255,153,72,210
255,153,72,210
255,153,72,210
255,153,72,210
255,153,72,210
255,153,72,210
255,153,72,210
255,153,72,210
255,153,72,210
255,153,72,210
255,153,72,210
255,153,72,210
255,152,72,211
255,152,72,210
255,152,72,210
255,152,72,210
255,152,72,210
255,152,72,210
255,152,72,210
255,152,72,210
255,152,72,210
255,152,72,210
255,152,72,210
255,152,72,209
255,152,72,209
256,152,71,209
256,152,71,209
256,152,71,209
255,152,72,209
255,152,72,209
255,151,72,210
255,151,72,209
255,151,72,209
255,151,72,209
255,151,72,209
255,151,71,209
255,151,71,208
255,151,71,208
255,151,71,208
255,151,70,208
255,151,70,207
255,150,70,208
255,150,70,208
255,150,70,208
255,150,69,207
255,150,69,207
255,150,69,207
255,150,69,207
255,150,69,207
255,150,69,206
255,150,69,206
255,150,68,206
255,150,68,206
255,150,68,206
255,150,68,206
255,150,68,205
255,150,67,205
255,150,67,205
255,150,67,205
255,150,67,205
256,150,66,205
256,150,66,205
256,150,66,204
256,150,66,204
256,150,66,204
256,150,66,204
256,150,66,204
256,150,66,204
256,150,66,204
256,150,66,204
256,150,66,204
256,150,66,203
256,150,66,203
256,150,66,203
256,150,66,203
256,150,65,203
256,150,65,203
256,150,65,203
256,150,65,203
256,150,65,203
256,150,65,203
256,150,65,202
256,150,65,202
256,150,65,202
256,150,65,202
256,150,65,202
256,150,65,202
256,150,65,202
256,150,64,202
256,150,64,202
256,150,64,202
256,150,64,202
256,150,64,201
256,150,64,201
256,150,64,201
256,150,64,201
256,150,64,201
256,150,64,201
256,150,63,201
256,150,63,201
256,150,63,200
256,150,63,200
256,150,63,200
256,150,63,200
256,150,63,200
256,150,63,200
256,150,62,200
256,150,62,199
256,150,62,199
256,150,62,199
256,150,62,199
256,150,62,199
256,150,61,199
256,150,61,199
256,150,61,199
256,150,61,199
256,150,61,199
256,151,61,199
256,151,61,199
256,151,61,199
256,151,61,199
256,151,61,199
256,151,61,199
256,151,61,199
256,151,61,200
256,151,61,200
256,151,61,200
256,152,61,199
256,152,61,199
256,152,60,199
256,152,60,199
256,152,60,199
256,152,60,200
256,152,60,200
256,152,60,200
256,152,60,200
256,152,60,200
256,152,60,200
256,152,60,200
256,152,60,200
256,152,60,200
256,152,60,200
256,152,60,200
256,152,60,200
256,152,60,200
256,152,60,200
256,152,61,200
256,152,61,200
256,152,61,200
256,152,61,200
256,152,61,200
256,152,61,200
256,152,61,200
256,152,61,200
256,152,61,200
256,152,61,200
256,152,61,200
256,152,61,200
256,152,61,200
256,152,61,200
256,152,61,200
256,152,61,200
256,152,61,200
256,152,61,200
256,152,61,200
256,152,61,200
256,152,61,200
256,152,61,200
256,152,61,200
256,152,61,200
256,152,61,200
256,152,61,200
256,152,61,200
256,152,61,200
256,152,61,200
256,152,61,200
256,152,61,200
256,152,61,200
256,152,61,200
256,152,61,200
256,152,61,200
256,152,61,200
256,152,61,200
256,152,61,200
256,152,61,200
256,152,61,200
256,152,61,200
256,152,61,200
256,152,61,200
256,152,61,200
256,152,61,200
256,152,61,200
256,152,61,200
256,152,61,200
256,152,61,200
256,152,61,200
256,152,61,200
256,152,61,200
256,152,61,200
256,152,61,200
256,152,61,200
256,152,61,200
257,152,61,200
257,153,61,199
257,153,61,199
257,153,61,199
257,153,61,199
257,153,61,199
257,153,61,199
257,153,61,199
257,153,61,199
257,153,61,199
257,153,61,199
257,153,61,199
257,153,61,199
257,153,61,199
257,153,61,199
257,153,61,199
257,153,61,199
257,153,61,199
257,153,61,199
257,153,61,199
257,153,61,199
257,153,61,199
257,153,61,199
257,153,61,199
257,153,61,199
257,153,61,199
257,153,61,199
257,153,61,199
257,153,61,199
257,153,61,199
257,153,61,199
257,153,61,199
257,153,61,199
257,153,61,199
257,153,61,199
257,153,61,199
257,153,61,199
257,153,61,199
257,153,61,199
257,153,61,199
257,153,61,199
257,153,61,199
257,153,61,199
257,153,61,199
257,153,61,199
257,153,61,199
257,153,61,199
257,153,61,200
257,153,61,200
257,153,61,200
257,153,61,200
257,153,61,200
257,153,61,200
257,153,61,200
257,153,61,200
257,153,61,200
257,153,61,200
257,153,61,200
257,153,61,200
257,153,61,200
257,153,61,200
257,153,61,199
257,153,61,199
257,153,61,199
257,153,61,199
257,153,61,199
257,153,61,199
257,153,61,199
257,153,61,199
257,153,61,199
257,153,61,199
257,153,61,199
257,153,61,199
257,153,61,199
257,153,61,199
257,153,61,199
257,153,61,199
257,153,61,199
257,153,61,200
257,153,61,200
257,153,61,200
257,153,61,200
257,153,62,200
257,153,62,200
257,153,62,200
257,154,62,199
257,154,62,199
257,154,62,199
257,154,62,199
257,154,62,199
257,154,62,199
257,154,62,199
257,154,62,199
257,154,62,199
257,154,62,199
257,154,62,199
257,154,62,199
257,154,62,199
257,154,62,199
257,154,62,199
257,154,62,199
257,154,62,199
257,154,62,199
257,154,62,199
257,154,62,199
257,154,62,199
257,154,62,199
257,154,62,199
257,154,62,199
257,154,62,199
257,154,62,199
257,154,62,199
257,154,62,199
257,154,62,199
257,154,62,199
257,154,62,199
257,154,62,199
257,154,62,199
257,154,62,199
257,154,62,199
257,154,62,199
257,154,62,199
257,154,62,199
257,154,62,199
257,154,62,199
257,154,62,199
257,154,62,199
257,154,62,199
257,154,62,199
257,154,62,199
257,154,62,199
257,154,62,199
257,154,62,199
257,154,62,199
257,154,62,199
257,154,62,199
257,154,62,199
257,154,62,199
257,154,62,199
257,154,62,199
257,154,62,199
257,154,62,199
257,154,62,199
257,154,62,199
257,154,62,199
257,154,62,199
257,154,62,199
257,154,62,199
257,154,62,199
257,154,62,199
257,154,62,199
257,154,62,199
257,154,62,199
257,154,62,199
257,154,62,199
257,154,62,198
257,154,62,198
257,154,62,198
257,154,62,198
257,154,62,198
257,154,62,198
257,154,62,198
257,154,62,198
257,154,62,198
257,154,62,198
257,154,62,198
257,154,62,198
257,154,62,198
257,154,62,198
256,154,63,198
256,154,63,198
256,154,63,198
256,154,63,198
256,154,63,198
256,154,63,198
256,154,63,198
256,155,63,197
256,155,63,197
256,155,63,197
256,155,63,197
256,155,63,197
256,155,63,197
256,155,63,197
256,155,63,197
256,155,63,197
257,155,62,197
257,155,62,197
257,155,62,197
257,155,62,197
257,155,62,197
257,155,62,197
257,155,62,197
257,155,62,197
257,155,62,197
257,155,62,197
257,155,62,197
257,155,62,197
257,155,62,197
257,155,62,197
257,155,62,197
257,155,62,197
257,155,62,197
257,155,62,197
257,155,62,197
257,155,62,197
257,155,62,197
257,155,62,197
257,155,62,197
257,155,62,197
257,155,62,197
257,155,62,197
257,155,62,197
257,155,62,197
256,155,63,197
256,155,63,197
256,155,63,197
256,155,63,197
256,155,63,197
256,155,63,197
256,155,63,197
256,155,63,197
256,155,63,197
256,155,63,197
256,155,63,197
256,155,63,197
256,155,63,197
257,155,62,197
257,155,62,197
257,155,62,197
257,155,62,197
257,155,62,197
257,155,62,197
257,155,62,197
257,155,62,197
257,155,62,197
257,155,62,197
257,155,62,197
257,155,62,197
257,155,63,197
257,155,63,197
257,155,63,197
257,155,63,197
257,155,63,197
257,155,62,197
257,155,62,197
257,155,62,197
257,155,62,197
257,155,62,197
257,155,62,197
257,155,62,197
257,155,62,197
257,155,62,197
257,155,62,197
257,155,62,197
257,155,62,197
257,155,62,197
257,155,62,197
257,155,62,197
257,155,63,197
257,155,63,197
257,155,62,197
257,155,62,197
257,155,62,197
257,155,62,197
257,155,62,197
257,155,63,197
257,155,63,197
257,155,63,197
257,155,63,197
257,155,63,197
257,155,63,197
257,155,63,197
257,155,63,197
256,155,63,197
256,155,63,197
256,155,63,197
256,155,63,197
256,155,63,197
256,155,63,197
256,155,63,197
256,156,63,196
256,156,63,196
256,156,63,196
256,156,63,196
256,156,63,196
256,156,63,196
256,156,63,196
256,156,63,196
256,156,63,196
256,156,63,196
256,156,63,196
256,156,63,196
256,156,63,196
256,156,63,196
256,156,63,196
256,156,63,196
256,156,63,196
256,156,63,196
256,156,64,196
256,156,64,196
256,156,64,196
256,156,64,196
256,156,64,196
256,156,64,196
256,156,64,196
256,156,64,196
256,156,64,196
256,156,64,196
256,156,64,196
256,156,64,196
256,156,64,196
256,156,64,196
256,156,64,196
256,156,64,196
256,156,64,196
256,156,64,196
256,156,64,196
256,156,64,196
256,156,64,196
256,156,64,196
256,156,64,196
256,156,64,196
256,156,64,196
256,156,64,196
256,156,64,196
256,156,64,196
256,156,64,196
256,156,64,196
256,156,64,196
256,156,64,196
256,156,64,196
256,156,64,196
256,156,64,196
256,156,64,196
256,156,64,195
256,156,64,195
256,156,64,195
256,156,64,195
256,156,64,195
256,156,64,195
256,156,64,195
256,156,64,195
256,156,64,195
256,156,64,195
256,156,64,195
256,156,64,195
256,156,64,195
256,156,64,195
256,156,64,195
256,156,64,195
256,156,64,195
256,156,64,195
256,156,64,195
256,156,64,195
256,156,64,195
256,156,64,195
256,156,64,195
256,156,64,195
256,156,64,195
257,156,63,195
256,156,64,195
256,156,64,195
256,156,64,195
256,156,64,195
256,156,64,195
256,156,64,196
256,156,64,196
256,157,64,195
256,157,64,195
256,157,64,195
256,157,64,196
256,157,63,196
256,157,63,196
256,157,63,196
256,157,63,196
256,157,63,196
256,157,63,197
256,157,63,197
256,158,63,196
256,158,63,196
256,158,63,196
256,158,63,197
256,158,62,197
256,158,62,197
256,158,62,197
255,158,63,197
255,158,63,197
255,158,63,198
255,158,63,198
255,158,63,198
255,158,62,198
255,158,62,198
255,158,62,198
255,158,62,198
255,158,62,199
255,158,62,199
255,158,62,199
255,158,62,199
255,159,61,198
254,159,62,198
254,159,62,198
254,159,62,198
254,159,62,198
254,158,61,199
254,158,61,199
254,158,61,199
254,158,61,199
254,158,61,199
254,158,60,199
253,158,61,199
253,158,61,200
253,158,61,200
253,159,61,199
253,159,61,199
253,159,61,199
253,159,61,199
253,159,61,200
253,159,60,200
253,159,60,200
253,159,60,200
253,159,60,201
253,159,60,201
253,159,60,201
253,159,60,201
253,160,60,201
253,160,60,201
253,160,60,201
253,160,60,201
253,160,60,201
253,160,60,202
253,160,60,202
253,160,60,202
253,160,60,202
253,160,59,202
253,160,59,203
253,160,59,203
253,160,59,203
253,160,59,203
252,160,60,203
252,160,60,203
252,160,60,202
252,160,59,202
252,160,59,202
252,160,59,202
252,160,59,202
252,160,59,202
252,160,58,202
251,160,59,202
251,160,59,202
251,160,59,202
251,160,58,202
251,160,58,202
251,160,58,202
251,160,58,202
251,160,58,202
251,160,58,202
251,160,58,202
251,160,58,202
251,160,58,202
251,160,59,202
251,160,59,202
251,160,59,202
251,160,59,202
251,160,59,202
251,160,59,202
251,160,59,202
251,160,59,202
251,160,59,202
251,160,59,202
251,160,59,202
251,159,59,203
251,159,59,203
251,159,59,203
251,159,59,203
251,159,59,203
251,159,59,203
251,159,59,203
251,159,58,203
251,159,59,203
251,159,59,203
251,159,59,203
251,159,59,203
251,159,58,203
251,159,58,203
251,159,58,203
251,159,58,203
251,159,58,203
251,159,59,203
251,159,59,203
251,159,59,203
251,159,59,203
251,159,59,203
251,159,59,203
251,159,59,203
251,159,59,203
251,159,59,203
251,159,59,203
251,159,59,203
251,159,59,203
251,159,59,203
251,159,59,203
251,159,59,203
251,159,59,203
251,159,59,203
251,159,59,203
251,159,59,203
251,159,59,203
251,159,59,203
251,159,59,203
251,159,59,203
251,159,59,203
251,159,59,203
251,159,59,203
251,159,59,203
251,159,59,204
251,159,59,204
251,159,59,204
251,159,59,204
251,159,59,204
251,159,59,204
251,159,59,204
251,159,59,204
251,159,59,204
251,159,59,204
251,159,59,204
251,159,59,204
251,159,59,204
251,159,59,204
251,159,59,204
251,159,59,204
251,159,59,204
250,159,60,204
250,159,60,204
250,159,60,204
250,159,60,204
250,159,60,204
250,159,60,204
250,159,60,204
250,159,60,204
250,160,60,203
250,160,60,203
250,160,60,203
250,160,60,203
250,160,60,203
250,160,60,203
250,160,60,203
250,160,60,203
250,160,60,203
250,160,60,203
250,160,60,203
250,160,60,203
250,160,60,204
250,160,60,204
250,160,60,204
250,160,60,204
250,160,60,204
250,160,60,204
250,160,60,204
250,160,60,204
250,160,60,204
250,160,59,204
250,160,59,204
250,160,59,205
250,160,59,205
250,160,59,205
250,160,59,205
250,161,59,204
250,161,59,204
250,161,59,204
250,161,59,204
250,161,59,204
250,161,59,205
250,161,59,205
250,161,59,205
250,161,59,205
250,161,59,205
250,161,59,205
250,162,59,205
250,162,59,205
250,162,59,205
250,162,59,205
250,162,59,205
250,162,59,206
250,162,59,206
250,163,59,205
250,163,59,205
250,163,59,206
250,163,59,206
250,163,59,206
250,163,59,206
250,163,59,206
250,163,59,206
250,163,59,206
250,163,59,206
250,163,59,206
250,163,59,206
250,163,59,206
250,163,59,206
250,163,59,206
250,163,59,206
250,163,59,206
250,163,59,206
250,163,59,206
250,163,59,206
250,163,59,206
250,163,59,206
250,163,59,206
250,163,59,205
250,163,59,205
250,163,59,205
250,163,59,205
250,163,59,205
250,162,59,206
250,162,59,206
250,162,59,206
250,162,59,206
250,162,59,206
250,162,59,206
250,162,59,206
250,162,59,206
250,162,59,206
250,162,59,206
250,162,59,206
250,162,59,205
250,162,59,205
250,162,59,205
250,162,59,205
250,162,59,205
250,162,59,205
250,162,59,205
250,162,59,205
250,162,59,205
250,162,59,205
250,162,59,205
250,162,59,205
250,162,59,205
250,162,59,205
250,162,59,205
250,162,59,205
250,162,59,205
250,162,59,205
250,162,59,205
250,162,59,205
250,162,59,205
250,162,59,205
250,162,59,205
250,162,59,205
250,162,59,204
250,161,59,205
250,161,59,205
250,161,59,205
250,161,59,205
251,161,58,205
251,161,58,205
251,161,58,205
251,161,59,205
251,161,59,205
251,161,59,205
251,161,59,205
251,161,59,205
251,161,59,205
251,161,59,205
251,161,59,205
251,161,59,205
251,161,59,205
251,161,59,205
251,161,59,205
251,161,59,205
251,161,59,205
251,161,59,205
251,161,59,205
251,161,59,205
251,161,59,205
251,161,59,205
251,161,59,204
251,161,59,204
251,161,59,205
251,161,59,205
251,161,59,205
251,161,59,205
251,161,59,205
251,161,59,204
251,161,59,204
251,161,59,204
251,161,59,204
251,161,59,204
251,161,59,204
251,161,59,204
251,161,59,204
251,161,59,204
251,161,59,204
251,161,59,204
251,161,59,204
251,161,59,204
251,161,59,204
251,161,59,204
251,161,59,204
251,161,59,204
251,161,59,204
251,161,59,204
251,161,58,204
251,161,58,204
251,161,58,204
251,161,58,204
251,161,58,204
251,161,58,204
251,161,58,204
251,161,58,204
251,161,58,204
251,161,58,204
251,161,58,204
251,161,58,204
251,161,58,204
251,161,58,204
251,161,58,204
251,161,58,204
251,161,58,204
251,161,58,204
251,161,58,204
251,161,58,204
251,161,58,204
251,161,58,204
251,161,58,203
251,161,58,203
251,161,58,203
251,161,58,203
251,161,58,203
251,161,58,203
251,161,58,203
251,161,58,203
251,161,58,203
251,161,58,203
251,161,58,203
251,161,58,203
251,161,58,203
251,161,58,203
251,161,58,203
251,161,58,203
251,161,58,203
251,161,58,203
251,161,58,203
251,161,58,203
251,161,58,203
251,161,58,203
251,161,58,203
251,162,58,202
251,162,58,202
251,162,58,202
251,162,58,202
251,162,58,202
251,162,58,202
251,162,58,202
251,162,58,202
251,162,58,202
251,162,58,202
251,162,58,202
251,162,58,202
251,162,58,202
251,162,58,202
251,162,58,202
251,162,58,202
251,162,58,202
251,162,58,202
251,162,58,202
251,162,58,202
251,162,58,202
251,162,58,202
251,162,58,202
251,162,58,202
251,162,58,202
251,162,58,202
251,162,58,202
251,162,58,202
251,162,58,202
251,162,58,202
251,162,58,202
251,162,58,202
251,162,58,202
251,162,58,202
251,162,58,202
252,162,58,202
252,162,57,202
251,162,58,202
251,162,58,202
251,162,58,202
251,162,58,202
251,162,58,202
251,162,58,202
251,162,58,202
251,162,58,202
251,162,58,201
251,162,58,201
251,162,58,201
251,162,58,201
251,162,58,201
251,162,58,201
251,162,58,201
251,162,58,201
251,162,58,201
251,162,58,201
251,162,58,201
251,162,58,201
251,162,58,201
251,162,58,201
251,162,58,201
251,162,58,201
251,162,58,201
251,162,58,201
251,162,58,201
251,162,58,201
251,162,58,201
251,162,58,201
251,162,58,201
251,162,58,201
252,162,57,201
252,162,57,201
252,162,57,201
252,162,57,201
252,162,57,201
252,162,57,201
252,162,57,201
252,162,57,201
252,162,57,201
252,162,57,201
252,162,57,201
252,162,57,201
252,162,57,200
252,162,57,200
252,162,57,200
252,162,57,200
252,162,57,200
252,162,57,200
252,162,57,200
252,162,57,200
252,162,57,200
252,162,57,200
252,162,57,200
252,162,57,200
252,162,57,200
252,162,58,200
252,162,58,200
252,162,58,200
252,162,58,200
252,162,58,200
252,162,58,200
252,162,58,200
252,162,57,200
252,162,57,200
252,162,57,200
252,162,57,200
252,162,57,200
252,162,57,200
252,162,57,200
252,162,57,200
252,162,57,200
252,162,57,200
252,162,57,200
252,162,57,200
252,162,57,200
252,162,57,199
252,162,57,199
252,162,57,199
252,162,57,199
252,162,57,199
251,162,58,199
251,162,58,199
251,162,58,199
251,162,58,199
251,162,58,199
251,162,58,199
251,162,58,199
251,162,58,199
251,162,58,199
251,162,58,199
251,161,58,199
251,161,58,199
251,161,58,199
251,161,58,199
251,161,58,199
252,161,57,199
252,161,57,199
252,161,57,199
252,161,57,199
252,161,57,199
252,161,57,199
252,161,57,199
252,161,57,199
252,161,57,199
252,161,57,199
252,161,57,199
252,161,57,199
252,161,57,199
252,161,57,199
252,161,57,199
251,161,58,199
251,161,58,199
251,161,58,198
251,161,58,198
251,161,58,198
251,161,58,198
252,161,57,198
252,161,57,198
252,161,57,198
252,161,58,198
252,161,58,198
252,161,58,198
252,161,58,198
252,161,58,198
252,161,58,198
252,161,58,198
252,161,58,198
253,161,58,198
253,161,58,198
253,161,58,198
253,161,58,198
253,161,58,198
253,161,58,198
253,161,58,198
253,161,59,198
253,161,59,198
253,161,59,198
253,161,59,197
253,161,59,197
253,161,59,197
253,161,59,197
254,161,58,197
254,161,58,197
254,161,58,197
254,161,58,197
254,161,58,197
254,161,58,197
254,161,59,197
254,161,59,197
254,161,59,197
254,161,59,197
254,161,59,197
254,161,59,197
254,161,59,197
254,161,59,197
254,161,59,197
254,161,59,196
254,161,59,196
255,161,58,196
255,161,59,196
255,161,59,196
255,161,59,196
255,161,59,196
255,161,59,196
255,161,59,196
255,161,59,196
255,161,59,196
255,161,59,196
255,161,59,196
255,161,59,196
255,161,59,196
255,161,59,196
255,161,59,196
255,161,59,196
255,161,59,195
255,161,59,195
255,161,59,195
255,161,59,195
255,161,59,195
255,161,59,195
255,161,59,195
255,160,59,196
255,160,59,195
255,160,59,195
255,160,59,195
255,160,59,195
255,160,59,195
255,160,59,195
255,160,59,195
255,160,59,195
255,160,59,195
255,160,59,195
255,160,59,195
255,160,59,195
255,160,59,195
255,160,59,195
255,160,59,195
255,160,59,195
255,160,59,195
255,160,59,195
255,160,59,194
255,160,58,194
255,160,58,194
255,160,58,194
255,160,58,194
255,160,58,194
254,160,59,194
254,160,59,194
254,160,59,194
254,160,59,194
254,160,59,194
254,160,59,194
255,160,58,194
254,160,59,194
254,160,59,194
254,160,59,194
254,160,59,194
254,160,59,194
254,160,59,194
254,160,59,194
254,160,59,194
254,160,59,194
254,160,59,194
254,160,59,194
254,160,59,194
254,160,59,194
254,160,59,194
254,160,58,194
254,160,59,194
254,160,58,194
254,160,58,194
254,160,58,194
254,160,59,194
254,160,59,194
254,160,59,194
254,160,59,193
254,160,59,193
254,160,59,193
254,160,59,193
254,160,59,193
254,160,59,193
254,159,59,194
254,159,59,194
254,159,59,194
254,159,59,194
254,159,59,194
254,159,59,194
254,159,59,194
254,159,59,193
254,159,59,193
254,159,59,193
254,159,59,193
254,159,59,193
254,159,59,193
255,159,58,193
255,159,58,193
255,159,58,193
255,159,58,193
255,159,59,193
255,159,59,192
255,159,59,192
255,158,58,193
255,158,58,193
255,158,58,193
255,158,58,193
255,158,58,193
255,158,58,193
255,158,58,193
255,158,58,193
255,159,58,192
255,159,58,192
255,159,58,192
255,159,58,192
255,159,58,192
255,159,58,192
255,159,58,192
255,159,58,192
255,159,58,192
255,158,58,193
255,158,58,193
255,158,58,193
254,158,59,193
254,158,58,193
254,158,58,193
254,158,58,193
254,158,58,193
254,158,58,192
254,158,58,192
254,158,57,192
254,158,57,192
254,158,57,192
254,158,57,192
254,158,57,192
254,158,57,192
254,158,57,192
253,158,57,192
253,158,57,192
253,158,57,192
253,158,57,191
253,158,57,191
253,158,57,191
253,157,57,192
253,157,56,192
253,157,56,192
253,157,56,192
253,157,56,192
253,157,56,192
253,157,56,192
253,157,56,192
253,157,56,192
253,157,56,192
253,157,55,191
252,157,56,191
252,157,56,191
252,157,56,191
252,157,56,191
252,157,56,191
252,157,56,191
252,157,56,191
252,157,56,191
252,157,56,191
252,157,56,191
252,157,56,191
252,157,56,191
252,157,56,191
252,157,56,191
252,157,56,191
252,157,56,191
252,157,56,191
252,157,56,191
252,157,56,191
253,156,55,191
253,156,55,191
253,156,55,191
253,156,55,191
253,156,55,191
253,156,56,191
253,156,56,191
253,156,56,191
253,156,56,190
253,156,56,190
253,156,56,190
253,156,56,190
253,156,56,190
253,156,56,190
254,156,56,190
254,156,56,190
254,156,56,190
254,156,56,190
254,156,56,190
254,156,56,190
254,156,56,190
254,156,56,190
254,156,56,190
253,156,57,190
253,156,57,190
253,156,56,190
253,156,56,190
253,156,56,190
253,156,56,190
253,156,56,190
253,156,56,190
253,156,56,190
253,156,56,190
253,156,56,190
253,156,55,191
252,156,56,191
252,156,56,191
252,156,56,191
252,156,56,190
252,156,56,190
252,156,56,190
252,156,56,190
252,156,56,190
252,156,56,190
252,156,56,190
252,156,56,190
252,156,56,190
252,156,56,190
252,156,56,190
252,156,56,190
252,156,56,190
252,156,56,190
252,156,56,190
252,156,56,190
252,156,56,190
252,156,56,190
252,156,56,190
252,156,56,190
252,156,56,190
252,156,56,190
252,156,56,190
252,156,56,190
252,156,56,190
252,156,56,190
252,156,56,190
252,156,56,190
252,156,56,190
252,156,56,190
252,156,56,190
252,156,56,190
252,156,56,190
252,156,56,190
252,156,56,190
252,156,56,190
252,156,56,190
252,156,56,190
252,156,56,190
252,156,56,190
252,156,56,190
252,156,56,190
252,156,56,190
252,156,56,190
252,156,56,190
252,156,56,190
252,156,56,190
252,156,56,190
252,156,56,190
252,156,56,190
252,156,56,190
252,157,56,189
252,157,56,189
252,157,56,189
252,157,56,189
252,157,56,189
252,157,56,189
252,157,56,189
252,157,56,189
252,157,56,189
252,157,56,189
252,157,56,189
252,157,56,189
252,157,56,189
252,157,56,189
252,157,56,189
252,157,56,189
252,157,56,189
252,157,56,189
252,157,56,189
252,157,56,189
252,157,56,189
252,157,56,189
252,157,56,189
252,157,56,189
252,157,56,189
252,157,56,189
252,157,56,189
252,157,56,189
252,157,56,189
252,157,56,189
252,157,56,189
252,157,56,189
